64.4664686457171    9.775123888796884    1
-97.3317403306432    86.84731785297535    1
69.21146622690205    148.90969334290753    1
1.982929619049223    34.10224134697577    0
-82.87756190614763    39.59402620222858    1
21.252177201533463    52.69100813410187    0
35.77934187371592    101.23625456148405    1
-52.80624540876984    102.49349626898292    1
-78.4888973494221    123.88739304513581    1
6.433799106858151    35.169072528186085    0
40.71325444394957    18.54149225577174    0
-90.69693706816899    72.58123132165031    1
29.246440026144093    101.95438597700277    1
85.58768141235387    92.87998141504667    1
-40.76782399897041    18.245484840494868    0
70.69230406453974    33.3718235968449    1
22.435718740176323    54.15150855506978    0
-17.069981639504196    45.7117212764494    0
23.81058686833257    18.97483647443853    0
-6.270245011198106    -55.913291695840705    1
-8.670368145579221    -2.13491418997101    0
-6.120261154112572    91.09665306114971    1
-41.40333238854422    39.21758447285536    0
45.69773174635499    76.89131660292813    1
-23.174073360773704    -48.109854874126874    1
99.52917068003848    96.22386210412311    1
62.515183374237694    139.347904282962    1
-96.87533004225114    84.1415460109236    1
32.76901846996623    31.899921925095292    0
-44.56989038375734    89.65346671323647    1
-92.54413969891431    75.58867178441491    1
51.633090073989685    6.51870952902453    1
-2.584622647113477    39.42734617322279    0
-25.9329773703864    117.56338315710009    1
48.97482592244564    50.37996339745043    0
93.14548606707243    88.91186214882696    1
50.16972022145379    -15.822139606793083    1
93.46104891434679    114.75335639120554    1
97.93875400432732    100.80441163267741    1
-16.09882098019464    -19.904007213764253    0
90.59659685956471    56.80226518274119    1
30.65406928087746    -49.30493806247312    1
-43.7174597105601    39.53053419217123    0
27.192919460880272    134.84897889138057    1
-70.40536090347622    64.74756828930701    1
18.90449209407199    52.866093251709145    0
-71.18648310797333    55.838782104351814    1
15.472948405700727    69.17989278300702    1
-54.94372645605821    101.97145776949719    1
40.827609821544854    84.27961618463459    1
-43.9472374944324    62.22562193478656    0
90.6472455453974    53.668855487074495    1
34.44470599910697    43.0637241413138    0
30.27353699828832    6.326419704701528    0
-4.2139908593247455    -5.037139160698994    0
40.86394531440318    144.3866235028044    1
9.954968273884434    13.044463433695725    0
25.837562412339054    40.90286390809788    0
-40.108914522998276    132.95777042414267    1
38.93549568240036    17.673911399318012    0
39.32741198938194    41.50585394387114    0
-7.880673296792007    -60.23985948271433    1
-90.45859525625674    75.94585802640452    1
-14.944485092942749    94.94227283366381    1
-24.60651641974554    46.29355437563363    0
19.270280319436427    38.803197374225356    0
22.70536340116468    9.90887649296422    0
-6.554672736024769    109.11237416235289    1
73.2260765153001    130.3240288709781    1
-97.14405989707456    95.89126972249767    1
-83.74400250761657    46.82623543416814    1
-63.30219929344938    22.520620003150515    1
8.723660929301735    14.242978635377185    0
55.95095217064703    4.791265065880482    1
69.08171336661886    47.133405077210654    1
13.091559885817826    -47.99468057813536    1
35.53513406084235    15.24297500513605    0
-48.008181079547406    54.935914357907436    0
-3.510322476526173    35.85284868963937    0
6.583355780397038    -54.247842559527705    1
-65.81675373437461    98.34027910024273    1
-74.1184499367806    127.50489291579066    1
-28.783332832760934    22.71351712313473    0
17.474863581798907    20.676577348943916    0
35.071341379119325    72.12438675153214    0
-44.74479983131558    -16.975436960428254    1
-85.69496705471578    141.4006943602564    1
41.51199930397187    30.273771069457812    0
52.816781418374894    48.45758574420045    1
40.63670539326068    33.191475368089165    0
7.365668754280219    50.3500213314392    0
-24.460471970421295    129.47255343980876    1
44.23886137518526    37.873292661740635    0
-65.78150702939014    48.77357483936307    1
26.514378863291853    46.338076312999966    0
63.086222078738686    119.59418266466322    1
25.942754464362384    63.612155038042474    0
-31.179989557863763    4.411642846390204    0
-16.370138916276733    31.743319645147277    0
32.74742532833099    118.58553522355193    1
82.55836323093587    82.58805070856023    1
36.4586021312286    91.79176519775459    1
-1.7287254980290045    -32.147311299771445    0
72.92405229252668    104.14060835712979    1
38.40393464754289    27.838995180192093    0
-64.41908402584275    20.823262722867078    1
36.6488182350189    15.420840283431009    0
9.908075574261954    14.367286677396319    0
17.128586207003195    42.984122832213686    0
-46.55241021648789    54.23391791049808    0
24.339243751232864    69.63063236705864    1
43.33534715272664    30.52290897168844    0
-97.64989119385584    96.23531472955614    1
19.805347397475003    26.285534581262475    0
47.12367648379225    76.66403033597187    1
13.357624070559105    52.46735890569465    0
2.087458238740192    19.2482899266532    0
49.96057470098615    48.43992523046764    0
71.34195024988207    56.95604293514604    1
-38.385215397022485    -24.112993189776358    1
-71.19726080157862    119.88343122643354    1
-34.75090719206521    99.59930994665865    1
67.0239908731831    107.2786107366511    1
-10.321960138024844    46.33795270356959    0
50.935542749697134    54.7928934266251    1
-28.67901817422419    58.11987020980691    0
69.20334224014046    54.171903419930125    1
-69.89540929848943    31.26701676881978    1
-79.11940892618003    111.10665427711781    1
79.81552783412707    52.86629346800059    1
24.406079825463088    67.0275213907254    0
93.17164874470849    77.28934465540888    1
-19.662111986084142    53.5707504766545    0
-95.28345582681375    99.32824734601344    1
50.42915184553522    36.05391836253258    1
-49.01921121662264    56.53483618441053    0
24.54158440381532    71.11133820191529    0
24.784581986732945    128.09237406992222    1
88.81142571976555    73.27902546707836    1
-91.30405699825748    61.93555165073212    1
-98.6794962931823    99.8826052136128    1
70.58296973596798    56.37417294543423    1
-63.09920744582429    122.4782764495943    1
-59.30508822580269    -4.0052586326103    1
-22.74713289803627    72.91407729180136    0
6.952625922792288    49.18930922699391    0
-57.891029785173046    69.7024349456285    1
51.476534599621715    140.4669269457977    1
63.75656072569819    25.93839151943319    1
21.38724855988969    110.9560180022321    1
44.84242017936647    63.72685333920671    0
-5.947928908277822    96.35280296850891    1
45.72351850864802    117.65935662651057    1
11.104707048008533    26.265774658172734    0
3.2997607856571465    -57.31961480701355    1
-20.554346357349363    -53.81297694671348    1
-41.14853411420659    25.227921161470746    0
16.823535759349273    10.49565410260842    0
-54.303076805795584    52.06817745815716    1
-95.71094272545324    112.56865086456311    1
-84.01291113332015    109.59671572962412    1
-62.47363828596275    97.10124432239536    1
-4.084172057725777    24.580119037244785    0
91.08113591682425    126.78754035315767    1
-98.53854350235956    108.44997846045136    1
87.68892551068322    122.34122061672417    1
-77.57280656233301    113.20957344254212    1
-19.190508901914495    41.42278970627071    0
98.94063022287393    111.08047357012913    1
38.67003159319896    23.27011327230361    0
40.74286066152476    49.023015920469895    0
30.47044365760859    60.44696864337668    0
56.7475193218919    147.0544115141676    1
-13.190727990027318    -64.2521999191612    1
-86.15037213183392    43.35227639352157    1
-32.46436236614504    34.169469930124826    0
40.911349098654284    -23.06873758950653    1
25.10826629013545    33.520658715538026    0
-28.96346100905235    61.04448775795004    0
9.244793757749559    89.44199079495738    1
86.32822361087516    114.72708338912128    1
-75.30890632576977    137.94469204473012    1
-55.371907562892716    9.710011187455608    1
-8.942514025623183    76.8309358095515    1
85.13164049029733    105.25440034216535    1
-5.940074154618957    57.59488109549851    0
26.158669630820263    39.57331389467913    0
81.38846696410373    110.0198387661157    1
-76.70292445015254    120.00891061321694    1
-61.39171487976527    36.894987678078465    1
-82.45661442344945    142.43328054375215    1
3.630920307416441    -18.708257038116614    0
-58.71303987467713    103.01130443613    1
-87.7266096443988    62.66467829965004    1
78.70011070705694    30.904102264086408    1
46.862043475493486    42.30255046362118    0
63.97982473568895    148.43324774661667    1
-58.693250200302806    114.76596346788592    1
-18.836770341219157    55.45680062247935    0
2.885253091275397    -1.5616091898385975    0
-95.29006892019667    67.59680107290767    1
-75.11118043434313    127.51009030617921    1
-60.08764301660301    110.09312845211583    1
17.231712088158634    111.05221752871137    1
-31.932686289487442    128.81709915393427    1
15.416637925450283    58.760505046941006    0
-82.32462234732716    131.49267633885827    1
-0.40110666044359533    77.11035393952008    1
-72.98411765554656    65.57508708352464    1
47.51891281408389    61.801413144050386    0
37.22287482851201    36.180275363206064    0
21.037882661195596    87.19138469460374    1
-14.016043429179238    61.61762842994164    0
-78.09556875271608    71.95445683509858    1
-47.72052689108928    58.77235231812794    0
29.15959953213777    36.853108665037574    0
39.503846969820366    37.54858154466839    0
-22.742647789779745    131.90140656565788    1
-53.71700296007131    -1.133697279838339    1
0.8344221249034223    36.3922463577872    0
-64.16669680357163    16.740886759677228    1
-23.92585957562695    66.79720405067995    0
41.265061047406235    115.54814169647743    1
-42.163795420108755    80.58811148045723    1
95.57177876371053    120.48413838081385    1
-19.50107763204494    111.19349714192599    1
48.94375737154198    40.40625401152867    0
33.55698141889478    89.09212848562439    1
-18.75482113522633    118.90909070974563    1
-9.17650882899057    -63.84517414195685    1
73.0383746681609    74.3608088653317    1
18.242551874099878    28.056853542843275    0
-89.15783047375898    135.74625245035787    1
6.466713101881982    9.56282668791824    0
-23.7926431378088    91.27663593157918    1
-36.632865814599235    73.22551406717449    0
11.362754609146686    66.1976106888229    0
-81.8372492940752    137.11781858047044    1
81.83373454556744    101.44390874498445    1
-93.46791239071493    68.32474118351497    1
7.950631346069825    -1.2906290598486636    0
89.10141993154006    108.17893120272477    1
3.817706953492417    77.9584064937558    1
39.91985109107576    110.20021457680569    1
3.3252133688300267    -54.34665477090035    1
16.85759302820098    0.3079209592148413    0
5.67628632754289    -76.5755404144805    1
8.776885549066726    -74.75876008927071    1
-43.82432808221881    82.61369580422995    1
-59.065123709865745    107.48859824064347    1
-77.88053817058281    114.71026783659775    1
71.38876899437334    51.348948624405985    1
4.205418871623556    100.60547751898122    1
37.78957142541884    29.47041051971634    0
11.325731849930365    2.283400801961494    0
-4.620851465337717    25.39037710779985    0
93.21108161626894    69.63893057444436    1
-30.759917176323604    27.762096038301344    0
-34.117549898955076    63.53589538557281    0
-54.181389017602456    136.59873680059144    1
-68.35416720373317    125.44157739427142    1
