91    97    0
61    101    0
20    39    0
8    11    0
89    99    0
69    100    0
12    34    0
26    46    0
57    92    0
44    67    0
97    100    0
95    99    0
81    101    0
34    77    0
45    101    0
46    91    0
7    92    0
6    78    0
7    68    0
67    81    0
25    94    0
62    85    0
40    48    0
35    94    0
77    95    0
97    99    0
62    68    0
97    99    0
38    79    0
71    99    0
63    83    0
19    93    0
4    32    0
71    101    0
86    96    0
28    60    0
38    84    0
87    97    0
100    101    0
12    76    0
19    82    0
33    84    0
69    78    0
82    98    0
13    57    0
43    97    0
27    29    0
56    65    0
77    81    0
72    97    0
86    29    1
1    1    1
81    73    1
66    36    1
71    36    1
25    8    1
44    13    1
18    13    1
42    37    1
86    59    1
81    20    1
70    20    1
89    49    1
38    31    1
36    32    1
25    20    1
90    3    1
16    16    1
27    13    1
26    18    1
91    11    1
84    83    1
39    1    1
8    5    1
21    8    1
77    58    1
58    44    1
55    8    1
8    7    1
61    30    1
45    12    1
60    56    1
85    7    1
37    29    1
90    73    1
78    76    1
26    12    1
58    11    1
18    13    1
40    10    1
40    31    1
7    6    1
42    2    1
96    69    1
90    32    1
59    27    1
25    17    1
19    19    1
64    56    1
50    3    1
